215,52
215,51
215,50
215,49
215,48
215,47
215,46
215,45
215,44
215,43
215,42
215,41
215,40
215,39
215,38
215,37
215,36
215,35
3,2
3,1
3,3
10,148
10,94
10,14
10,18
10,108
10,22
10,306
10,2
10,3
11,14
11,24
11,2
11,3
9,7
9,4
9,1
9,6
9,2
9,3
8,15
8,12
8,6
8,10
8,8
8,16
8,17
8,2
8,3
185,140
185,18
185,17
185,16
185,15
185,14
185,13
185,12
185,11
185,10
185,9
185,8
185,7
185,6
185,5
185,4
185,3
185,1
141,76
141,75
141,74
141,73
141,72
141,71
141,70
141,69
141,68
141,67
141,66
141,65
141,64
141,36
141,35
141,34
141,33
141,32
141,31
141,30
141,29
141,28
141,27
141,26
141,25
141,24
141,23
141,22
141,21
141,20
141,19
141,18
141,17
141,16
141,15
141,14
141,13
141,12
141,11
141,10
141,9
141,8
141,7
141,6
141,5
141,4
141,3
141,2
141,1
141,0
127,104
127,103
127,102
127,101
127,100
127,99
127,98
127,97
127,96
18,1
127,95
127,94
127,93
127,92
127,91
127,90
127,89
127,88
127,87
18,3
127,86
127,85
127,84
127,83
127,82
127,81
127,80
127,79
127,78
127,77
127,76
14,1
127,1
20,3
14,3
20,2
13,1
20,1
19,3
13,3
19,2
19,1
12,3
12,2
12,1
11,27
11,26
11,22
11,20
11,18
11,16
11,12
11,10
11,8
11,6
11,1
11,4
2,2
10,280
